0 0 1.40494008017e-08 4.02450044691e-06 11.3516786085 100000 0 0 
5 4.76281708272e-08 1.14219922537e-08 3.56038860612e-06 11.644378653 100000 0 0 
10 1.24333816226e-07 1.83952327445e-08 3.591533036e-06 11.0068077261 100000 0 0 
15 2.47869025197e-07 2.96257062874e-08 3.66759139719e-06 10.0682843652 100000 0 0 
20 4.46823714598e-07 4.77124962328e-08 3.82181091488e-06 8.74540832106 100000 0 0 
25 7.67242231424e-07 7.6841452308e-08 4.10150930786e-06 7.05909415137 100000 0 0 
30 1.28327945696e-06 1.23753927356e-07 4.53846744303e-06 5.18213695488 100000 0 0 
35 2.11436256905e-06 1.99306937547e-07 5.11102982636e-06 3.42944408344 100000 0 0 
40 3.45283023191e-06 3.20985815989e-07 5.56287653909e-06 2.1315307199 100000 0 0 
45 5.60844578762e-06 5.16950866508e-07 5.47868305304e-06 1.35599606024 100000 0 0 
50 9.08008619625e-06 8.3255454002e-07 4.87107639823e-06 0.921903322046 100000 0 0 
55 1.46711977908e-05 1.34083741225e-06 4.22941450457e-06 0.650943341094 100000 0 0 
60 2.36757389248e-05 2.1594320608e-06 3.98644245576e-06 0.467605904033 100000 0 0 
65 3.81776424666e-05 3.47778692824e-06 4.72309074075e-06 0.365295129518 100000 0 0 
70 6.15331031398e-05 5.60101062579e-06 9.41926542528e-06 0.4569755833 100000 0 0 
75 8.73561972475e-05 4.09723815906e-06 3.2117273598e-05 1.37471800423 100000 0 0 
80 9.88961981216e-05 1.33230184579e-06 0.000170504462665 7.63913188037 100000 0 0 
85 0.000103244565487 8.5739649053e-07 0.000545322400546 25.0796408246 100000 0 0 
90 0.000106792288226 6.94944099094e-07 0.000754747638856 34.2602950608 100000 0 0 
95 0.00011045605747 7.78957532383e-07 0.00108464954802 48.3906676322 100000 0 0 
100 0.00011398582751 7.77427259307e-07 0.00119402513274 52.309764238 100000 0 0 
105 0.000117724210172 7.80024150711e-07 0.00125373603948 54.4516068955 100000 0 0 
110 0.00012173223731 9.12630497161e-07 0.00122357724622 50.5832523134 100000 0 0 
115 0.000126186802116 8.92742069258e-07 0.0011575102204 47.8253421753 100000 0 0 
120 0.000131518253755 1.1279212956e-06 0.000938007782626 38.033965063 100000 0 0 
125 0.000137774215498 1.32175277354e-06 0.000734607279267 28.7887880059 100000 0 0 
130 0.000145454544456 1.67132532914e-06 0.000574551190545 22.2746526029 100000 0 0 
135 0.000154601201473 1.99352353924e-06 0.00041602970298 16.1756619866 100000 0 0 
140 0.00016579734933 2.39064941037e-06 0.000309545796008 12.3303930873 100000 0 0 
