0 0 0.000429943396565 0 0 0 
2 6.17153512159e-08 0.000429943288716 0.0522622607619 0.0522622607333 2.85815537904e-11 
4 1.36390926187e-07 0.000429943105261 -0.00198165289533 -0.00198165289409 1.23687431824e-12 
6 2.26748371902e-07 0.000429942931956 -0.00191383091227 -0.00191383092234 1.00709677143e-11 
8 3.36080881218e-07 0.000429942718207 -0.00197602854567 -0.00197602855594 1.02707317477e-11 
10 4.68373217489e-07 0.000429942441365 -0.00213621302334 -0.00213621302408 7.44208514258e-13 
12 6.28446944378e-07 0.000429942070676 -0.00237728396546 -0.00237728395808 7.38566803202e-12 
14 8.22136153913e-07 0.000429941566615 -0.00267632706836 -0.00267632706631 2.05018294008e-12 
16 1.05650009745e-06 0.000429940880071 -0.00301048093803 -0.00301048095257 1.45434827376e-11 
18 1.34008046913e-06 0.000429939949957 -0.00336552873373 -0.00336552873205 1.68452578275e-12 
20 1.68321271887e-06 0.000429938696814 -0.00374410436857 -0.00374410437478 6.21567597739e-12 
22 2.09840274104e-06 0.000429937008421 -0.00417300027916 -0.00417300027967 5.09309608376e-13 
24 2.60078266788e-06 0.000429934711019 -0.00470960516306 -0.00470960516243 6.32371759124e-13 
26 3.20866237935e-06 0.000429931514178 -0.00545186851302 -0.00545186851432 1.30086393046e-12 
28 3.94419683023e-06 0.000429926902924 -0.00656219324404 -0.00656219324231 1.73175709883e-12 
30 4.83419351579e-06 0.000429919910545 -0.00832863685637 -0.00832863685773 1.3643704222e-12 
32 5.91108950532e-06 0.000429908603013 -0.0113057890356 -0.0113057890386 3.03668722113e-12 
34 7.21413365266e-06 0.000429888817079 -0.016652500268 -0.0166525002687 7.17034071007e-13 
36 8.79081707093e-06 0.000429850831507 -0.0269696002954 -0.0269696002959 5.18536602545e-13 
38 1.0698604007e-05 0.00042976981202 -0.0486186384342 -0.0486186384344 1.95905791589e-13 
40 1.30070261997e-05 0.000429575900218 -0.0983941705586 -0.0983941705584 1.9036161536e-13 
42 1.57987095219e-05 0.00042905855951 -0.221200419551 -0.221200419549 1.56596957623e-12 
44 1.80672935241e-05 0.00042812374501 -0.479650904823 -0.479650904823 4.24105195407e-13 
46 1.98639245671e-05 0.000426942893352 -0.715061847346 -0.715061847345 1.14042109089e-12 
48 2.14426942186e-05 0.000425961739123 -0.5302701754 -0.5302701754 6.46371844937e-13 
50 2.27454811597e-05 0.000425639195808 -0.218490556702 -0.218490556703 1.18755005829e-12 
52 2.43218533584e-05 0.000425394631341 -0.14660817897 -0.14660817897 2.46053177833e-13 
54 2.62292637188e-05 0.000425118912442 -0.143953309543 -0.143953309543 3.43780559575e-13 
56 2.8537230255e-05 0.000424836184091 -0.113991433766 -0.113991433767 8.59284865484e-13 
58 3.13298697637e-05 0.000424578919272 -0.0884363873515 -0.0884363873508 6.06376060475e-13 
60 3.47089635693e-05 0.000424249004848 -0.0998007690637 -0.0998007690636 9.71445146547e-14 
62 3.87976670741e-05 0.000423863020912 -0.0901064054397 -0.0901064054397 8.86790640919e-15 
64 4.37449983148e-05 0.000423466988258 -0.0793725043297 -0.0793725043305 7.56977813765e-13 
66 4.97312691162e-05 0.000422973236103 -0.0814824218512 -0.0814824218513 9.25093335269e-14 
68 5.69746567857e-05 0.000422442259835 -0.0709042042267 -0.0709042042268 7.28722637788e-14 
70 6.57391558659e-05 0.000421936325964 -0.0572416743463 -0.0572416743461 2.08603967433e-13 
72 7.6344199753e-05 0.000421296365181 -0.0592378367971 -0.0592378367972 6.90905666012e-14 
74 8.91763028563e-05 0.000420632682876 -0.0508391237449 -0.0508391237448 1.65624458592e-13 
76 0.000104703147611 0.000419808673051 -0.0510411435193 -0.0510411435193 2.54657406273e-15 
78 0.000123490629765 0.000418900498908 -0.0483231677088 -0.0483231677087 1.10675357767e-14 
80 0.000146223483171 0.00041793525024 -0.0418960145002 -0.0418960145003 1.34149635844e-13 
82 0.000173730235792 0.000416732624004 -0.0424399973894 -0.0424399973894 3.65332764041e-14 
84 0.00020400563186 0.000415552044317 -0.0383397565457 -0.0383397565457 4.28615476444e-14 
86 0.000235431505788 0.000414427323025 -0.0349931950987 -0.0349931950987 7.74935671188e-14 
88 0.00026793151387 0.000413326117146 -0.0333348839241 -0.0333348839241 6.33867958122e-14 
90 0.000300920738026 0.00041227612895 -0.031432982383 -0.0314329823831 7.04644675942e-14 
92 0.000334187769496 0.00041125238282 -0.0305854337677 -0.0305854337677 1.21777588014e-14 
94 0.000367691714295 0.000410246223756 -0.0297505925907 -0.0297505925906 6.1450844413e-14 
96 0.000401418312477 0.000409268065787 -0.0287781007008 -0.0287781007007 1.19522447495e-13 
98 0.000435352677056 0.000408311886651 -0.027864842631 -0.027864842631 8.06993361024e-15 
100 0.000469670222618 0.000407385723909 -0.026735394575 -0.026735394575 7.24663384855e-14 
102 0.000504498190423 0.0004064747656 -0.0259796515722 -0.0259796515721 1.41452821678e-13 
104 0.000539917096149 0.000405572775423 -0.0253123148686 -0.0253123148687 8.59520787877e-14 
106 0.000575552212142 0.000404685751039 -0.0247471851748 -0.0247471851747 6.69880817483e-14 
108 0.000611323117009 0.000403812726004 -0.0243014136531 -0.024301413653 6.29843399658e-14 
110 0.000647223995217 0.000402956376165 -0.0236817984057 -0.0236817984057 1.34267597041e-15 
112 0.000683268504147 0.000402116641462 -0.0231877771985 -0.0231877771985 7.82880704708e-14 
114 0.0007194856562 0.000401288083228 -0.0227713603645 -0.0227713603645 5.3221316243e-15 
116 0.000755943806218 0.00040046806686 -0.0224066180771 -0.0224066180771 8.94423424214e-15 
118 0.000792788075747 0.000399653268404 -0.0220087642661 -0.0220087642661 4.71150896075e-15 
120 0.000830011292505 0.000398846220704 -0.0215786697089 -0.0215786697089 1.31492039479e-15 
122 0.000867493452507 0.000398046527135 -0.0212623478669 -0.0212623478668 9.80153458396e-14 
124 0.000905286402016 0.000397250852242 -0.0209838455248 -0.0209838455247 6.16416639954e-14 
126 0.000943233809871 0.000396462848967 -0.0206898066107 -0.0206898066107 8.84015083358e-15 
128 0.000981350311545 0.000395684152885 -0.0203413075597 -0.0203413075597 4.592853875e-14 
130 0.00101965520157 0.000394913892434 -0.0200362962162 -0.0200362962163 7.07559011381e-14 
132 0.00105808364759 0.000394152004806 -0.0197576094358 -0.0197576094358 2.26554885963e-14 
134 0.001096619058 0.000393397660971 -0.0195183764453 -0.0195183764453 2.26346719145e-14 
136 0.00113527992317 0.000392649256839 -0.0193060454977 -0.0193060454977 4.78332651266e-14 
138 0.00117411354209 0.000391905112702 -0.0191163007704 -0.0191163007703 6.48266162973e-14 
140 0.00121324728452 0.000391162035682 -0.0189463571875 -0.0189463571876 7.22165383049e-14 
142 0.00125275558004 0.000390418573265 -0.0187744329525 -0.0187744329525 4.90579799006e-15 
144 0.00129239840395 0.000389679388996 -0.0186027741364 -0.0186027741364 8.05605582244e-15 
146 0.0013321701539 0.000388945029622 -0.0184172245455 -0.0184172245455 1.95850280438e-14 
148 0.00137206684681 0.000388215526987 -0.0182433732401 -0.0182433732401 3.09682834931e-14 
150 0.00141208194522 0.000387489991308 -0.0180968596037 -0.0180968596037 3.42503803097e-14 
152 0.00145224820221 0.00038676687324 -0.0179733196401 -0.0179733196401 5.62362656442e-14 
154 0.00149264635558 0.000386044310219 -0.0178566521081 -0.017856652108 5.27702881392e-14 
156 0.0015332178913 0.000385323671272 -0.0177299635069 -0.0177299635068 5.80924197635e-14 
158 0.00157394194112 0.000384605593522 -0.0176011553727 -0.0176011553727 7.97278909559e-15 
160 0.00161484891502 0.00038388911753 -0.0174868840665 -0.0174868840666 5.29680466155e-14 
162 0.00165590389346 0.000383174693876 -0.017372208405 -0.017372208405 2.40189812484e-14 
164 0.00169695801223 0.000382465396972 -0.0172444395153 -0.0172444395154 2.09970929532e-14 
166 0.00173801120342 0.000381761525113 -0.0171124857093 -0.0171124857093 4.74828509844e-14 
168 0.00177906356684 0.000381062937227 -0.0169860821006 -0.0169860821006 6.7154615202e-14 
170 0.00182011533846 0.000380369050974 -0.0168767098129 -0.0168767098129 3.42538497566e-14 
172 0.0018611667527 0.000379679132152 -0.0167842208324 -0.0167842208324 2.93237656379e-14 
174 0.00190221792277 0.000378992596963 -0.0167045323617 -0.0167045323617 1.67296732023e-14 
176 0.00194326888466 0.000378309061519 -0.016633580318 -0.0166335803179 5.34954025522e-14 
178 0.00198431961885 0.000377628245662 -0.0165691005422 -0.0165691005421 1.19106113861e-14 
180 0.00202537007801 0.000376949957459 -0.0165079971073 -0.0165079971073 4.63032390208e-14 
182 0.00206642016619 0.000376274296224 -0.01644301028 -0.01644301028 1.43218770177e-14 
184 0.00210746983065 0.000375601322693 -0.0163779236336 -0.0163779236337 1.004508976e-13 
186 0.00214851906473 0.000374930866789 -0.0163186056938 -0.0163186056939 6.11004302709e-14 
188 0.00218956785701 0.000374262823866 -0.0162594704768 -0.0162594704768 6.3039851117e-15 
190 0.00223061615534 0.000373597293083 -0.0161982587988 -0.0161982587988 6.17561557448e-15 
192 0.00227166390931 0.000372934361325 -0.0161338214114 -0.0161338214114 1.34822708553e-14 
194 0.00231271106294 0.000372274263149 -0.0160635876412 -0.0160635876411 4.99565666612e-14 
196 0.00235375759142 0.000371617197556 -0.0159889006746 -0.0159889006746 8.60353455145e-14 
198 0.00239480350984 0.000370963283319 -0.015912144941 -0.015912144941 3.47985529281e-15 
200 0.00243584888338 0.000370312472039 -0.0158374206144 -0.0158374206144 3.30117877478e-14 
202 0.00247689382615 0.000369664546278 -0.015769409858 -0.015769409858 4.26395030395e-15 
204 0.00251793849486 0.00036901898536 -0.0157155766082 -0.0157155766081 3.24081039782e-14 
206 0.00255898301366 0.000368375239965 -0.0156745464704 -0.0156745464704 5.88765147747e-15 
208 0.00260002743698 0.000367732912835 -0.0156418749881 -0.0156418749881 2.54241072639e-14 
210 0.00264107177366 0.000367091766592 -0.0156139525612 -0.0156139525612 1.58345558887e-14 
212 0.00268211598372 0.000366451681818 -0.0155887949541 -0.0155887949542 2.13683237771e-14 
214 0.00272315998712 0.000365812642473 -0.0155630861813 -0.0155630861812 7.87390985746e-15 
216 0.00276420372875 0.000365174716504 -0.015535671562 -0.015535671562 2.27352858762e-14 
218 0.00280524714476 0.000364538093773 -0.0155020083163 -0.0155020083164 2.26138552328e-14 
220 0.0028462901533 0.000363903063504 -0.0154619793493 -0.0154619793492 8.90884588323e-14 
222 0.00288733270534 0.00036326980615 -0.0154180993192 -0.0154180993191 9.86450504614e-14 
224 0.00292837476615 0.000362638464 -0.0153707987169 -0.0153707987169 1.24518451106e-14 
226 0.00296941632174 0.000362009178635 -0.0153200833242 -0.0153200833242 6.56245890962e-15 
228 0.00301045738577 0.000361382062535 -0.0152668912986 -0.0152668912987 1.0073018808e-13 
230 0.00305149801635 0.000360757050592 -0.015217008364 -0.015217008364 5.22481363729e-14 
232 0.0030925383249 0.000360133869611 -0.0151744669538 -0.0151744669538 8.42555192282e-15 
234 0.00313357841825 0.000359512224703 -0.0151385949383 -0.0151385949382 2.45515413555e-14 
236 0.00317461836261 0.000358891903505 -0.0151075668822 -0.0151075668822 4.56579218877e-15 
238 0.00321565819472 0.000358272648835 -0.0150834329109 -0.0150834329109 3.4590386111e-15 
240 0.00325669793429 0.000357654215107 -0.015064706278 -0.0150647062781 9.88722992368e-14 
242 0.00329773757564 0.00035703641002 -0.0150504122673 -0.0150504122673 7.3725747729e-16 
244 0.00333877708223 0.000356419121763 -0.0150383341982 -0.0150383341982 6.45247744124e-14 
246 0.00337981642841 0.000355802293115 -0.0150275181987 -0.0150275181987 4.54115911541e-14 
248 0.00342085556053 0.000355186067994 -0.0150108208047 -0.0150108208047 1.42438144612e-14 
250 0.00346189438416 0.000354570798385 -0.0149856530411 -0.014985653041 6.33763874713e-14 
252 0.00350293282237 0.000353956817735 -0.0149522925756 -0.0149522925757 4.34201286037e-14 
254 0.00354397082241 0.00035334442912 -0.0149121167461 -0.014912116746 3.28383154002e-14 
256 0.00358500836095 0.000352733818682 -0.0148683241201 -0.0148683241202 6.71979832889e-14 
258 0.00362604546814 0.000352124990571 -0.0148255138453 -0.0148255138454 5.32369287543e-14 
260 0.00366708222017 0.000351517807722 -0.0147868562072 -0.0147868562072 9.92955717649e-15 
262 0.00370811873459 0.000350911953745 -0.0147570752957 -0.0147570752958 6.91113832829e-14 
264 0.00374915512819 0.000350306974868 -0.0147386536399 -0.0147386536399 1.220204493e-14 
266 0.00379019148504 0.000349702461922 -0.0147293702009 -0.0147293702008 6.73055361444e-14 
268 0.00383122782945 0.000349098113629 -0.0147268002303 -0.0147268002303 9.85843351398e-15 
270 0.00387226415253 0.000348493714743 -0.0147292969219 -0.014729296922 6.35637376067e-14 
272 0.00391330042972 0.000347889097313 -0.0147353903195 -0.0147353903194 2.28636554134e-14 
274 0.00395433663349 0.00034728415629 -0.0147440252148 -0.0147440252148 2.79290479632e-14 
276 0.00399537274371 0.000346678784847 -0.0147543620105 -0.0147543620105 2.53165544084e-14 
278 0.00403640868615 0.000346073194651 -0.0147580091248 -0.0147580091248 2.71570960164e-14 
280 0.00407744437112 0.000345467727765 -0.0147526821387 -0.0147526821387 5.08777048269e-14 
282 0.00411847972141 0.000344862778885 -0.0147379339763 -0.0147379339763 4.63691585129e-15 
284 0.00415951468559 0.000344258696508 -0.0147149283443 -0.0147149283443 6.40633379678e-15 
286 0.0042005492363 0.000343655734386 -0.0146868135619 -0.0146868135618 3.71803282606e-14 
288 0.00424158339299 0.000343053927481 -0.0146591994014 -0.0146591994014 9.39526234589e-15 
290 0.00428261722625 0.000342453123518 -0.0146365650059 -0.014636565006 2.61492216769e-14 
292 0.00432365084348 0.000341852998261 -0.0146220389971 -0.0146220389971 2.46937886805e-14 
294 0.00436468434553 0.000341253217191 -0.0146157447654 -0.0146157447654 4.22266388522e-14 
296 0.00440571780708 0.000340653478645 -0.0146164050876 -0.0146164050877 9.0009596998e-14 
298 0.00444675126259 0.000340053545194 -0.0146223112665 -0.0146223112665 3.83373888191e-15 
300 0.00448778470324 0.000339453237364 -0.0146325555095 -0.0146325555095 4.21433721254e-14 
302 0.00452881810746 0.000338852426961 -0.0146452709819 -0.0146452709819 3.38860883797e-14 
304 0.0045698514448 0.00033825110116 -0.0146575776656 -0.0146575776657 6.4340893724e-14 
306 0.00461088468947 0.000337649314228 -0.0146678522705 -0.0146678522705 7.89646126265e-15 
308 0.0046519177764 0.000337047472731 -0.0146659058172 -0.0146659058171 3.31453614555e-14 
310 0.00469295062152 0.00033644621214 -0.0146472798041 -0.0146472798042 6.55777515624e-14 
312 0.00473398315795 0.000335846463504 -0.0146038500187 -0.0146038500187 6.59958199201e-14 
314 0.00477501534263 0.000335249359072 -0.0145324271603 -0.0145324271604 2.67841304691e-14 
316 0.00481604715306 0.000334655995159 -0.0144353137085 -0.0144353137084 3.5490707595e-14 
318 0.00485707859249 0.00033406732338 -0.0143157229685 -0.0143157229685 2.26190594033e-14 
320 0.00489810970209 0.000333484085128 -0.0141796710033 -0.0141796710033 2.02043243247e-14 
322 0.00493914054997 0.000332906741225 -0.0140342148157 -0.0140342148157 4.87578727393e-14 
324 0.00498017122322 0.00033233554186 -0.0138832408799 -0.0138832408799 5.68399494139e-14 
326 0.00502120180332 0.000331770620797 -0.0137299690134 -0.0137299690134 8.79851747015e-15 
328 0.00506223235007 0.000331211972607 -0.0135771769799 -0.0135771769799 4.61262972262e-15 
330 0.00510326289598 0.000330659591836 -0.0134245462861 -0.0134245462861 1.50903595175e-14 
332 0.0051442934455 0.000330113505937 -0.0132706702377 -0.0132706702378 4.37271746589e-14 
334 0.00518532397142 0.000329573825337 -0.0131136526786 -0.0131136526785 5.60090168689e-14 
336 0.00522635442983 0.000329040737353 -0.0129516059083 -0.0129516059082 5.4588278342e-14 
338 0.00526738476774 0.000328514470131 -0.012784153675 -0.012784153675 1.20528587111e-14 
340 0.00530841493617 0.000327995202217 -0.0126126329496 -0.0126126329495 1.82163312212e-14 
342 0.00534944490903 0.000327483125539 -0.0124360926556 -0.0124360926556 1.08420217249e-15 
344 0.00539047468827 0.00032697842029 -0.0122557145411 -0.012255714541 6.81052436668e-15 
346 0.00543150424136 0.000326481180923 -0.0120732831996 -0.0120732831995 2.48585874107e-14 
348 0.00547253349463 0.000325991474697 -0.01188969399 -0.01188969399 3.65159291693e-15 
350 0.00551356252303 0.000325509302773 -0.0117059394557 -0.0117059394557 8.06299471634e-15 
352 0.00555459142441 0.000325034743795 -0.011519773053 -0.011519773053 1.57859836314e-14 
354 0.00559562026709 0.000324567914462 -0.0113304536921 -0.0113304536921 4.91742063735e-14 
356 0.00563664907104 0.000324108989484 -0.0111367421311 -0.011136742131 4.65912031178e-14 
358 0.00567767779811 0.000323658151882 -0.0109383775662 -0.0109383775662 7.27560373059e-14 
360 0.0057187064452 0.000323215652217 -0.0107334145865 -0.0107334145865 5.1271487056e-14 
362 0.00575973503639 0.00032278181299 -0.0105202332064 -0.0105202332064 5.45796047247e-14 
364 0.00580076356462 0.000322357012342 -0.0102975358709 -0.0102975358708 7.45271899749e-14 
366 0.00584179200047 0.00032194164471 -0.0100651673675 -0.0100651673676 5.01629987548e-14 
368 0.00588282030293 0.000321536140851 -0.00982205366637 -0.00982205366643 5.76639430649e-14 
370 0.00592384842528 0.000321140969265 -0.00956732415457 -0.00956732415452 4.98490138057e-14 
372 0.0059648763556 0.000320756600237 -0.00930133857606 -0.00930133857606 3.85975973405e-15 
374 0.00600590399942 0.000320383444406 -0.0090259340886 -0.00902593408865 4.89035895113e-14 
376 0.00604693126719 0.000320021726127 -0.00874664069747 -0.00874664069746 1.17805071254e-14 
378 0.00608795823399 0.000319671480222 -0.00846716438723 -0.00846716438723 5.38458166943e-15 
380 0.00612898501815 0.000319332614886 -0.00819081273091 -0.00819081273086 4.90441021128e-14 
382 0.00617001172038 0.00031900495529 -0.007918779906 -0.00791877990605 5.4985530018e-14 
384 0.00621103840418 0.000318688324991 -0.00765092919537 -0.00765092919531 5.79354272889e-14 
386 0.00625206509167 0.000318382577815 -0.00738648720016 -0.00738648720017 1.20771448398e-14 
388 0.00629309171892 0.000318087565923 -0.00712583402609 -0.00712583402613 3.17489090573e-14 
390 0.00633411829496 0.000317803056483 -0.00687182654204 -0.00687182654204 1.82753118194e-15 
392 0.00637514485061 0.000317528762232 -0.00662416592687 -0.00662416592685 1.64998223418e-14 
394 0.00641617136374 0.000317264510869 -0.00638011287897 -0.00638011287892 4.19785733952e-14 
396 0.00645719780275 0.000317010213739 -0.00613788882823 -0.00613788882825 1.95685481708e-14 
398 0.00649822413562 0.000316765840224 -0.0058959827111 -0.0058959827111 8.07253569546e-15 
400 0.00653925033229 0.000316531430723 -0.00565270496294 -0.005652704963 5.92442761516e-14 
402 0.00658027635637 0.000316307077397 -0.0054069539009 -0.00540695390088 2.46504205936e-14 
404 0.0066213021746 0.000316092879375 -0.00515891563166 -0.0051589156316 5.54374254835e-14 
406 0.00666232776986 0.000315888896182 -0.0049098793379 -0.00490987933784 5.78165987308e-14 
408 0.00670331783222 0.000315695245153 -0.00466273306676 -0.00466273306678 1.64443111905e-14 
410 0.00674417975274 0.000315512156447 -0.00442042231797 -0.00442042231797 5.00901403688e-15 
412 0.00678491087636 0.000315339322527 -0.00418478756623 -0.00418478756619 3.41393580072e-14 
414 0.00682550545645 0.000315176408005 -0.00395661546258 -0.00395661546254 3.55748416836e-14 
416 0.00686595637342 0.00031502308756 -0.00373530482143 -0.00373530482144 9.9811651999e-15 
418 0.00690625716831 0.000314879071184 -0.00352002947002 -0.00352002947003 7.66964616816e-15 
420 0.00694640295216 0.000314744092644 -0.00330994561712 -0.00330994561717 5.42916406276e-14 
422 0.00698638793397 0.000314617857682 -0.00310656644734 -0.00310656644731 3.54373648481e-14 
424 0.00702620710856 0.000314500089884 -0.00290821350679 -0.00290821350681 2.40627830161e-14 
426 0.00706585907541 0.000314390561351 -0.00271378808137 -0.00271378808134 3.00146192622e-14 
428 0.00710534619819 0.000314289084 -0.00252199258632 -0.00252199258628 4.08752892644e-14 
430 0.00714467372557 0.000314195526283 -0.00233122751384 -0.00233122751388 4.29131556678e-14 
432 0.00718384973081 0.000314109806614 -0.0021402248079 -0.00214022480793 2.74637083908e-14 
434 0.00722288434133 0.000314031880055 -0.00194819378292 -0.00194819378294 2.12020071638e-14 
436 0.00726178892738 0.000313961728016 -0.00175472419807 -0.0017547241981 3.81238009911e-14 
438 0.00730057419765 0.000313899311711 -0.00156073597485 -0.00156073597486 4.86416462664e-15 
440 0.00733924822285 0.000313844557248 -0.00136757056419 -0.00136757056413 5.22188629143e-14 
442 0.00737781585406 0.000313797353719 -0.0011761710615 -0.0011761710615 2.20114725058e-15 
444 0.00741627936817 0.000313757563372 -0.000987478609625 -0.000987478609731 1.05694966668e-13 
446 0.00745463916054 0.000313725026311 -0.000802042062579 -0.000802042062605 2.62616534422e-14 
448 0.00749289414803 0.000313699561234 -0.000620489528623 -0.000620489528606 1.72182147012e-14 
450 0.00753104285991 0.000313680978496 -0.000442964847844 -0.000442964847816 2.80154588764e-14 
452 0.00756908374517 0.000313669072742 -0.000269958683928 -0.000269958683914 1.43184617808e-14 
454 0.00760701474269 0.000313663621527 -0.000102087660238 -0.000102087660185 5.33077678137e-14 
456 0.00764483261738 0.000313664391819 6.08297242347e-05 6.08297242395e-05 4.72745350895e-15 
458 0.00768253548972 0.000313671190359 0.000219906507401 0.000219906507377 2.42736603387e-14 
460 0.00772012042157 0.000313683857917 0.000375873374846 0.000375873374834 1.20539971234e-14 
462 0.0077575806493 0.000313702253533 0.000529328393168 0.000529328393093 7.55501347247e-14 
464 0.00779491859702 0.000313726261916 0.00068079367192 0.000680793671828 9.17898569652e-14 
466 0.00783213776251 0.000313755791936 0.000830918308076 0.000830918308103 2.70147402712e-14 
468 0.00786924291042 0.000313790774967 0.000980091980675 0.000980091980642 3.29601797244e-14 
470 0.0079062393121 0.000313831159416 0.0011287364633 0.00112873646335 5.64821626969e-14 
472 0.00794313245384 0.000313876899085 0.00127677051821 0.00127677051827 5.72751481659e-14 
474 0.00797992716232 0.000313927939377 0.00142389538054 0.00142389538052 2.05835782446e-14 
476 0.00801662671658 0.000313984199048 0.00156919320217 0.00156919320218 1.88902712916e-14 
478 0.00805323269206 0.000314045571829 0.00171220963921 0.00171220963922 1.34670920249e-14 
480 0.00808974551509 0.000314111932621 0.00185231910309 0.00185231910302 7.35418670406e-14 
482 0.00812616488239 0.000314183145086 0.00198944840778 0.00198944840785 7.02727806501e-14 
484 0.00816249002035 0.000314259061701 0.00212318375689 0.00212318375687 1.97810517966e-14 
486 0.00819872011652 0.000314339542675 0.00225389100766 0.00225389100765 3.23786136791e-15 
488 0.00823485384078 0.000314424444478 0.00238131212124 0.00238131212124 7.48533179884e-15 
490 0.0082708895258 0.00031451362061 0.0025055418194 0.0025055418194 5.54938039965e-15 
492 0.00830682603665 0.000314606940049 0.00262700253064 0.00262700253062 1.53562058902e-14 
494 0.0083426634361 0.000314704291004 0.00274613655919 0.00274613655917 1.75276460013e-14 
496 0.00837840260539 0.000314805577938 0.00286323110064 0.00286323110066 2.24243366931e-14 
498 0.00841404515521 0.00031491071821 0.00297862424302 0.002978624243 2.48303981543e-14 
500 0.00844959314908 0.000315019646925 0.003092732994 0.00309273299399 1.02782365952e-14 
502 0.00848504930875 0.000315132310176 0.00320574913051 0.00320574913055 3.84154513755e-14 
504 0.00852041700356 0.000315248669321 0.00331802481668 0.00331802481663 5.25707949395e-14 
506 0.00855569961647 0.000315368691852 0.00342962505749 0.00342962505751 1.16733879507e-14 
508 0.00859090094046 0.000315492352908 0.00354073186602 0.00354073186606 4.69633013034e-14 
510 0.0086260246817 0.000315619626427 0.0036511686178 0.00365116861783 2.91893245685e-14 
512 0.008661074174 0.000315750476094 0.00376056981554 0.00376056981547 6.62417169728e-14 
514 0.00869605221979 0.000315884856162 0.00386884948837 0.00386884948838 1.11664150149e-14 
516 0.00873096078623 0.00031602271355 0.00397574395954 0.00397574395948 6.14387013487e-14 
518 0.00876580108585 0.000316163987363 0.00408114481442 0.00408114481447 5.33783087175e-14 
520 0.00880057363885 0.000316308602367 0.00418464866883 0.00418464866885 2.16085829785e-14 
522 0.00883527836489 0.000316456470024 0.00428592745597 0.00428592745603 5.43783768014e-14 
524 0.00886991443006 0.000316607486742 0.00438460215235 0.00438460215229 5.48424153313e-14 
526 0.00890448062633 0.000316761540421 0.00448064353384 0.00448064353382 2.59809534997e-14 
528 0.00893897571124 0.000316918526407 0.0045742161737 0.00457421617377 6.44649264525e-14 
530 0.00897339554392 0.000317078331822 0.00466547184972 0.0046654718497 1.69040129117e-14 
532 0.00900773292664 0.000317240822487 0.00475424953375 0.00475424953376 1.27189925259e-14 
534 0.00904198715593 0.00031740590568 0.00484091198807 0.00484091198802 5.33861149732e-14 
536 0.00907615775543 0.000317573497391 0.00492561652294 0.00492561652298 3.13334427848e-14 
538 0.009110244523 0.000317743517704 0.00500850955371 0.00500850955365 6.26885696131e-14 
540 0.00914424760062 0.000317915896849 0.00508973735331 0.0050897373533 1.04352290697e-14 
542 0.00917816738909 0.000318090564027 0.00516919116873 0.0051691911687 2.74875608386e-14 
544 0.00921200442887 0.000318267450625 0.005246968568 0.005246968568 5.03937169771e-16 
546 0.00924575943807 0.000318446504819 0.00532363022214 0.00532363022218 4.10045261634e-14 
548 0.00927943308514 0.000318627677585 0.00539901943915 0.00539901943913 2.30692201453e-14 
550 0.00931302598997 0.00031881090871 0.00547283340643 0.00547283340646 3.09179765123e-14 
552 0.00934653892466 0.000318996142961 0.00554527594517 0.00554527594514 2.61743751673e-14 
554 0.00937997242894 0.000319183323046 0.00561619615441 0.00561619615441 2.57172755314e-15 
556 0.00941332666492 0.000319372378982 0.00568529761394 0.00568529761389 5.57488083475e-14 
558 0.00944660165952 0.000319563242037 0.00575267360242 0.00575267360238 4.21294943376e-14 
560 0.00947979732198 0.000319755837623 0.00581805280919 0.00581805280924 4.26395030395e-14 
562 0.00951291347676 0.000319950091261 0.00588160807378 0.00588160807378 4.60395610524e-15 
564 0.00954594995665 0.000320145934724 0.0059434908182 0.00594349081823 2.57545720861e-14 
566 0.00957890679014 0.000320343306908 0.00600380853616 0.00600380853613 3.06117978188e-14 
568 0.0096117843046 0.00032054215013 0.00606261738887 0.00606261738894 6.69429789379e-14 
570 0.00964458327421 0.000320742409083 0.00611988691388 0.00611988691386 2.09025505238e-14 
572 0.00967730473346 0.000320944028842 0.00617553863195 0.00617553863197 1.25862861799e-14 
574 0.00970994999906 0.000321146974504 0.00623036191436 0.00623036191434 1.86690940485e-14 
576 0.00974252078839 0.000321351220067 0.00628423150439 0.00628423150445 6.39132843872e-14 
578 0.00977501904853 0.000321556748751 0.00633767834412 0.00633767834417 4.77343858885e-14 
580 0.00980744683758 0.000321763562408 0.00639097679925 0.00639097679935 9.54071890935e-14 
582 0.00983980626273 0.000321971654956 0.00644388259437 0.00644388259436 1.59082816364e-14 
584 0.0098720992683 0.000322181010175 0.00649599406753 0.00649599406747 5.3906532016e-14 
586 0.00990432758545 0.00032239161316 0.00654755531929 0.00654755531932 2.86671728023e-14 
588 0.00993649255514 0.000322603436885 0.00659813225305 0.00659813225301 3.29562765966e-14 
590 0.00996859523489 0.000322816453183 0.00664784464478 0.00664784464485 7.00680832799e-14 
592 0.0100006365368 0.000323030634975 0.00669674513045 0.00669674513038 7.68595256884e-14 
594 0.0100326172829 0.000323245959722 0.00674496177616 0.00674496177619 3.13664025309e-14 
596 0.0100645384624 0.000323462402809 0.00679231975701 0.00679231975698 3.74552819316e-14 
598 0.0100964013995 0.000323679938239 0.0068388113067 0.00683881130673 3.14834963655e-14 
600 0.0101282079921 0.000323898558926 0.00688496998883 0.00688496998888 5.23062496094e-14 
602 0.0101599609379 0.000324118281913 0.00693142804125 0.0069314280412 4.40081998621e-14 
604 0.0101916639868 0.000324339145609 0.00697844487322 0.00697844487319 3.60917892794e-14 
606 0.0102233219246 0.000324561218907 0.00702702525585 0.00702702525584 8.3544282603e-15 
608 0.0102549404966 0.000324784582934 0.00707690106695 0.00707690106684 1.18021044326e-13 
610 0.0102865261034 0.000325009335808 0.0071288017553 0.0071288017552 1.04510150534e-13 
612 0.0103180852864 0.00032523559683 0.00718313467536 0.00718313467534 2.03535105436e-14 
614 0.0103496240389 0.000325463466896 0.00723918872984 0.0072391887299 6.57043863761e-14 
616 0.0103811471364 0.000325693020078 0.00729638523979 0.00729638523979 4.92227786308e-15 
618 0.0104126576931 0.000325924284828 0.00735351328488 0.00735351328488 6.24934132221e-15 
620 0.0104441570526 0.00032615724399 0.00740964599366 0.00740964599365 1.51380644131e-14 
622 0.0104756451301 0.000326391842859 0.00746381573857 0.0074638157386 3.24271859364e-14 
624 0.0105071165807 0.000326627967381 0.0075156088376 0.00751560883772 1.2455054349e-13 
626 0.0105385657487 0.000326865490042 0.00756471872873 0.00756471872864 8.30689683706e-14 
628 0.0105699904931 0.000327104312033 0.00761133537505 0.00761133537509 4.05682432092e-14 
630 0.010601388723 0.000327344344993 0.00765580301921 0.00765580301926 5.21171647505e-14 
632 0.0106327584491 0.000327585504853 0.00769807026321 0.00769807026319 1.45231049409e-14 
634 0.0106640978213 0.0003278277005 0.00773799566041 0.00773799566047 5.31458557718e-14 
636 0.0106954052114 0.000328070843999 0.00777554173833 0.00777554173826 6.88381643354e-14 
638 0.0107266791121 0.000328314847022 0.00781084365857 0.00781084365853 3.50587614495e-14 
640 0.0107579182072 0.000328559630412 0.00784396998479 0.00784396998478 2.67841304691e-15 
642 0.010789121333 0.00032880512409 0.00787538585554 0.00787538585543 1.10716991131e-13 
644 0.0108202873984 0.000329051271724 0.00790530678846 0.00790530678848 2.65967803337e-14 
646 0.0108514154678 0.000329298008958 0.00793345642042 0.00793345642046 3.82853471148e-14 
648 0.0108825047368 0.000329545271136 0.00795975815867 0.00795975815868 1.13208054042e-14 
650 0.0109135544723 0.000329792989406 0.00798409651379 0.00798409651372 7.39564659513e-14 
652 0.01094456401 0.000330041100062 0.00800663210363 0.00800663210361 1.49359691282e-14 
654 0.010975532812 0.00033028954338 0.00802751595542 0.00802751595541 7.15226489145e-15 
656 0.0110064603917 0.000330538276936 0.00804732054689 0.00804732054695 6.09165495824e-14 
658 0.0110373462814 0.000330787250998 0.00806555756974 0.00806555756967 6.89431151057e-14 
660 0.0110681901281 0.000331036412938 0.00808226538556 0.00808226538558 1.70766178975e-14 
662 0.0110989916335 0.000331285708792 0.0080972493655 0.00809724936552 2.12121986642e-14 
664 0.0111297505442 0.00033153507895 0.00811047296177 0.00811047296175 2.55923754411e-14 
666 0.0111604667328 0.000331784474991 0.00812220449214 0.00812220449207 7.12919306922e-14 
668 0.0111911401061 0.000332033849877 0.00813256540771 0.00813256540759 1.13273973534e-13 
670 0.0112217706427 0.000332283165233 0.00814161890939 0.0081416189095 1.05233530223e-13 
672 0.0112523584449 0.000332532376137 0.00814921912979 0.00814921912976 2.05616773608e-14 
674 0.0112829036487 0.000332781439831 0.00815539342343 0.00815539342337 6.27449481261e-14 
676 0.0113134064917 0.000333030313835 0.00816015516654 0.00816015516657 2.68569888551e-14 
678 0.0113438673386 0.000333278959673 0.00816358461255 0.00816358461254 3.93955701394e-15 
680 0.0113742866401 0.000333527349541 0.00816606988945 0.00816606988938 6.27570911904e-14 
682 0.0114046649554 0.000333775452165 0.00816732437738 0.00816732437734 3.69218544627e-14 
684 0.0114350029758 0.000334023234727 0.00816732778016 0.00816732778017 1.10206982429e-14 
686 0.0114653014894 0.000334270665977 0.00816604387214 0.00816604387211 2.97227520374e-14 
688 0.0114955613432 0.000334517710807 0.00816337870918 0.00816337870915 3.0577970711e-14 
690 0.0115257834829 0.000334764339627 0.00815950842053 0.00815950842051 1.21205129266e-14 
692 0.0115559688888 0.000335010526922 0.00815452868985 0.0081545286898 5.44616435283e-14 
694 0.0115861185111 0.000335256238785 0.00814802289934 0.00814802289934 7.29277749301e-15 
696 0.0116162332178 0.000335501447805 0.00814057583987 0.00814057583988 9.2720969791e-15 
698 0.0116463137303 0.000335746126355 0.00813193129104 0.00813193129097 6.93455709522e-14 
700 0.0116763606581 0.00033599025012 0.00812228207842 0.00812228207837 5.55458457008e-14 
702 0.0117063743656 0.00033623378904 0.00811148191105 0.0081114819111 4.94569663001e-14 
704 0.0117363551145 0.000336476709864 0.00809948049073 0.00809948049077 4.22457208105e-14 
706 0.011766303189 0.000336718980678 0.00808633256301 0.00808633256298 3.58081619911e-14 
708 0.0117962187653 0.000336960564376 0.0080717911854 0.00807179118542 1.57634322262e-14 
710 0.0118261017307 0.000337201421162 0.00805598940897 0.00805598940904 6.59385740454e-14 
712 0.0118559514855 0.000337441495791 0.008038211774 0.00803821177399 5.9136723296e-15 
714 0.011885766722 0.000337680720661 0.00801852393371 0.0080185239337 9.19403442268e-15 
716 0.0119155452363 0.000337919026396 0.00799716907361 0.00799716907355 5.58442181386e-14 
718 0.0119452840958 0.000338156341306 0.00797404685624 0.00797404685622 1.35846195404e-14 
720 0.0119749796459 0.000338392579477 0.00794893535651 0.00794893535655 3.75446201906e-14 
722 0.0120046277749 0.000338627651735 0.00792185540641 0.00792185540641 3.8198610941e-15 
724 0.0120342241363 0.000338861473376 0.00789304653256 0.00789304653267 1.0961891117e-13 
726 0.0120637643191 0.000339093966529 0.00786273441454 0.00786273441451 2.49297110733e-14 
728 0.0120932447115 0.000339325060951 0.00783084963747 0.00783084963747 5.34815247644e-15 
730 0.0121226627631 0.000339554694572 0.00779742499847 0.00779742499849 1.6641202305e-14 
732 0.0121520169689 0.000339782821581 0.00776277600335 0.00776277600328 7.32582397522e-14 
734 0.0121813065711 0.000340009405298 0.00772694982908 0.00772694982914 5.98800523055e-14 
736 0.0122105313909 0.000340234415311 0.00768995123519 0.00768995123518 3.78256453937e-15 
738 0.0122396916904 0.000340457828514 0.00765194116631 0.00765194116635 4.01605831923e-14 
740 0.0122687880668 0.000340679615763 0.00761261138336 0.00761261138338 1.53323534424e-14 
742 0.0122978139049 0.000340899704388 0.00757239400202 0.00757239400205 2.87070714422e-14 
744 0.0123267667434 0.000341118060268 0.0075315188463 0.0075315188463 3.58740814832e-15 
746 0.0123556474964 0.000341334677451 0.00748994558243 0.00748994558241 2.00083005719e-14 
748 0.0123844571404 0.000341549545929 0.0074475810241 0.00744758102415 5.57652882205e-14 
750 0.0124131967017 0.000341762662935 0.00740470795243 0.00740470795242 9.15760522968e-15 
752 0.0124418673063 0.000341974029413 0.00736135310537 0.00736135310535 2.22209403655e-14 
754 0.0124704705821 0.000342183647564 0.00731744400314 0.00731744400316 1.76872405611e-14 
756 0.0124990082272 0.000342391522104 0.00727316664683 0.00727316664692 8.46146069877e-14 
758 0.0125274818791 0.000342597653068 0.00722803903743 0.00722803903744 7.69870278639e-15 
760 0.0125558931497 0.000342802039695 0.0071824104954 0.0071824104954 2.60121785223e-15 
762 0.012584243641 0.000343004684594 0.00713627432605 0.00713627432612 6.03753158579e-14 
764 0.0126125349538 0.000343205589888 0.00708960387498 0.00708960387503 4.69598318564e-14 
766 0.0126407686804 0.000343404758123 0.00704243047563 0.00704243047564 5.56499291093e-15 
768 0.0126689464094 0.000343602191857 0.00699477430204 0.00699477430199 5.09679104477e-14 
770 0.0126970697366 0.000343797897224 0.00694682231623 0.00694682231628 4.98255950387e-14 
772 0.0127251402501 0.000343991882169 0.00689852348935 0.0068985234893 4.78471429144e-14 
774 0.0127531595276 0.000344184151266 0.00684982675106 0.00684982675112 6.00977601017e-14 
776 0.0127811291412 0.000344374711161 0.00680082950673 0.00680082950668 4.49701040295e-14 
778 0.012809050642 0.000344563569451 0.00675157345753 0.00675157345745 7.55819018483e-14 
780 0.0128369255583 0.000344750734259 0.00670204507977 0.00670204507976 1.25507243487e-14 
782 0.0128647553702 0.000344936210657 0.00665217506448 0.00665217506438 9.51487152956e-14 
784 0.0128925415109 0.000345120004754 0.00660204102139 0.00660204102131 8.11954670166e-14 
786 0.01292028541 0.000345302122772 0.00655163216821 0.00655163216825 4.22162305114e-14 
788 0.0129479884878 0.000345482576032 0.00650113953244 0.00650113953239 5.60159557628e-14 
790 0.0129756521633 0.000345661365439 0.00645021325411 0.0064502132542 8.43283776142e-14 
792 0.013003277849 0.00034583849761 0.00639906913692 0.00639906913681 1.04005346002e-13 
794 0.0130308669449 0.000346013980694 0.00634773963768 0.00634773963768 5.23019128007e-16 
796 0.0130584208381 0.000346187822431 0.00629628240528 0.00629628240529 1.29774663238e-14 
798 0.0130859409105 0.000346360032947 0.00624473884385 0.00624473884379 6.00535246531e-14 
800 0.0131134285496 0.000346530622213 0.00619311996317 0.00619311996312 5.87767681748e-14 
802 0.013140885159 0.000346699598864 0.00614136461141 0.00614136461141 1.87957288622e-15 
804 0.0131683121187 0.000346866971122 0.00608949233296 0.00608949233303 7.1723009476e-14 
806 0.0131957107873 0.000347032748037 0.00603755726465 0.00603755726467 2.62611113411e-14 
808 0.0132230825147 0.000347196940662 0.00598563736172 0.00598563736164 8.026392051e-14 
810 0.0132504286348 0.000347359567892 0.00593401628804 0.00593401628806 1.82683729255e-14 
812 0.0132777504766 0.000347520631862 0.00588207588082 0.0058820758807 1.14263633277e-13 
814 0.0133050493778 0.000347680144127 0.00583018821608 0.00583018821617 9.84030565365e-14 
816 0.0133323266787 0.000347838112643 0.00577820715934 0.00577820715938 4.60855312245e-14 
818 0.0133595837203 0.000347994547182 0.00572624475131 0.00572624475125 6.13996700705e-14 
820 0.0133868218068 0.000348149457139 0.00567426239283 0.00567426239282 5.82606879407e-15 
822 0.0134140422144 0.000348302853504 0.00562237351569 0.00562237351559 9.68973165594e-14 
824 0.0134412462163 0.000348454746569 0.00557051872221 0.0055705187221 1.10640663298e-13 
826 0.0134684350972 0.000348605146732 0.00551873899719 0.00551873899738 1.90679069756e-13 
828 0.0134956101455 0.000348754065163 0.00546705341622 0.00546705341624 2.14047529701e-14 
830 0.0135227726664 0.000348901514102 0.00541551762747 0.00541551762743 4.41122832706e-14 
832 0.013549924003 0.000349047505506 0.00536410545253 0.00536410545253 2.64979010955e-15 
834 0.0135770655223 0.000349192051087 0.00531280979878 0.0053128097988 2.11957187912e-14 
836 0.0136041985857 0.000349335161583 0.00526159434924 0.00526159434928 3.8539484104e-14 
838 0.0136313245051 0.000349476847078 0.00521048124176 0.00521048124181 5.1668738732e-14 
840 0.0136584445456 0.000349617119103 0.00515954033286 0.00515954033283 3.39494057866e-14 
842 0.0136855599829 0.000349755989767 0.00510877972824 0.00510877972814 9.58764317938e-14 
844 0.0137126721001 0.00034989347258 0.00505838404893 0.00505838404895 1.72448860747e-14 
846 0.0137397821434 0.000350029579671 0.00500793914396 0.00500793914402 6.06997091479e-14 
848 0.0137668913688 0.00035016431862 0.0049576734516 0.00495767345168 8.4775936271e-14 
850 0.0137940010013 0.000350297701428 0.0049076314428 0.0049076314428 8.36136715421e-16 
852 0.0138211121937 0.000350429739685 0.00485780494941 0.0048578049495 8.57647286523e-14 
854 0.0138482260293 0.000350560444706 0.00480823274385 0.00480823274372 1.29654099956e-13 
856 0.0138753435756 0.000350689827627 0.00475885758768 0.00475885758772 4.15344841853e-14 
858 0.0139024659394 0.000350817899204 0.00470972926862 0.00470972926868 5.76552694476e-14 
860 0.0139295942498 0.00035094467233 0.00466090599864 0.00466090599871 7.59652757365e-14 
862 0.0139567296847 0.00035107015823 0.00461228465853 0.00461228465852 1.01481323345e-14 
864 0.0139838734427 0.000351194369276 0.00456399061943 0.00456399061941 2.4516846886e-14 
866 0.0140110267083 0.000351317317532 0.00451594103532 0.00451594103537 5.26636026454e-14 
868 0.0140381906776 0.000351439014896 0.00446817912865 0.00446817912869 4.19742365865e-14 
870 0.0140653665604 0.000351559477294 0.00442098316202 0.00442098316205 3.00133182196e-14 
872 0.0140925555326 0.000351678716771 0.00437380616783 0.00437380616783 3.92394450266e-15 
874 0.0141197586934 0.000351796741687 0.00432694514714 0.00432694514715 9.01449054291e-15 
876 0.0141469770548 0.00035191356371 0.00428044237184 0.00428044237178 5.6597955489e-14 
878 0.0141742115469 0.000352029193195 0.00423415207721 0.00423415207709 1.13252289491e-13 
880 0.0142014629838 0.000352143639353 0.0041881455666 0.00418814556655 4.2065309569e-14 
882 0.0142287320664 0.000352256911683 0.00414247567696 0.0041424756769 5.68711744364e-14 
884 0.0142560194711 0.00035236902015 0.00409711473181 0.0040971147318 1.89015469942e-14 
886 0.0142833258106 0.000352479974851 0.0040521019618 0.00405210196182 2.3397950244e-14 
888 0.014310651914 0.00035258978655 0.00400741452492 0.00400741452494 2.08834685655e-14 
890 0.014337998621 0.000352698465136 0.00396302090878 0.00396302090868 9.31216909139e-14 
892 0.0143653666108 0.000352806018351 0.00391889271653 0.00391889271661 8.14183789832e-14 
894 0.0143927564528 0.000352912456633 0.0038751310567 0.00387513105676 5.183744059e-14 
896 0.0144201686454 0.000353017788991 0.00383170588672 0.00383170588677 4.23983764763e-14 
898 0.0144476036191 0.000353122024465 0.0037886137575 0.00378861375758 8.38678085313e-14 
900 0.0144750617562 0.000353225171325 0.00374584505252 0.00374584505253 8.86530432398e-15 
902 0.0145025434254 0.000353327238116 0.00370340400412 0.00370340400419 6.80891974747e-14 
904 0.0145300489783 0.000353428233245 0.00366130885774 0.00366130885792 1.7580902012e-13 
906 0.0145575786576 0.000353528165291 0.00361956091258 0.00361956091264 6.60114324313e-14 
908 0.0145851325526 0.000353627045488 0.00357841101253 0.00357841101247 6.1195840062e-14 
910 0.0146127107112 0.000353724880154 0.00353729747013 0.00353729747012 7.85309317575e-15 
912 0.0146403131124 0.000353821673649 0.00349653565538 0.00349653565539 7.72125419157e-15 
914 0.0146679392088 0.000353917430777 0.00345609707444 0.0034560970745 5.52071409421e-14 
916 0.0146955886533 0.000354012156948 0.00341594978518 0.00341594978524 5.8286275112e-14 
918 0.0147232612811 0.000354105858455 0.00337614908031 0.00337614908031 1.80758186197e-15 
920 0.0147509569383 0.000354198541912 0.00333662094971 0.00333662094969 2.44973312469e-14 
922 0.0147786754646 0.00035429021406 0.00329749267743 0.00329749267744 6.96925156474e-15 
924 0.0148064167206 0.000354380882501 0.00325868538784 0.0032586853879 6.33091669366e-14 
926 0.0148341807257 0.000354470555606 0.00322024849011 0.00322024849008 3.40725711534e-14 
928 0.0148619676332 0.000354559241904 0.00318215899703 0.00318215899708 4.80956420523e-14 
930 0.0148897777031 0.000354646949909 0.0031444058061 0.00314440580612 2.08097428178e-14 
932 0.0149176113106 0.000354733688338 0.00310698877541 0.00310698877541 4.5458428688e-15 
934 0.0149454690811 0.00035481946674 0.00306989951578 0.00306989951585 6.1659444911e-14 
936 0.0149733518437 0.000354904294099 0.00303310633966 0.00303310633959 7.27204754747e-14 
938 0.0150012604821 0.000354988178997 0.00299660104639 0.00299660104652 1.29361799051e-13 
940 0.0150291958636 0.00035507113162 0.00296042310978 0.00296042310984 6.5006160177e-14 
942 0.0150571588144 0.000355153163857 0.00292476466993 0.00292476466986 7.00312204061e-14 
944 0.0150851500804 0.000355234284764 0.00288921153966 0.00288921153958 7.80456428651e-14 
946 0.0151131703395 0.000355314499692 0.00285395377648 0.00285395377643 4.99847559177e-14 
948 0.0151412201577 0.000355393816539 0.00281899380683 0.00281899380687 3.3160106605e-14 
950 0.0151693000374 0.000355472242932 0.00278433166549 0.00278433166552 3.59447714648e-14 
952 0.0151974104547 0.00035554978587 0.00274994328154 0.00274994328156 2.03309591384e-14 
954 0.0152255518493 0.000355626453507 0.00271587773021 0.00271587773019 2.28684259029e-14 
956 0.0152537246277 0.000355702252961 0.00268209407455 0.00268209407462 7.12004240289e-14 
958 0.0152819291511 0.000355777190202 0.00264855817474 0.00264855817467 6.30415858405e-14 
960 0.0153101657224 0.000355851271686 0.00261531042114 0.00261531042113 4.29170587957e-15 
962 0.0153384345819 0.000355924504069 0.00258234496108 0.00258234496106 2.12082955364e-14 
964 0.0153667359189 0.000355996893448 0.00254965380625 0.00254965380628 3.42881105453e-14 
966 0.0153950698583 0.000356068445575 0.00251722709388 0.00251722709386 1.96648253237e-14 
968 0.0154234364624 0.000356139166159 0.00248507361411 0.00248507361409 1.33140026781e-14 
970 0.0154518357453 0.000356209060767 0.00245318818835 0.00245318818831 4.49952575199e-14 
972 0.0154802677395 0.000356278135303 0.00242158284012 0.00242158284018 6.08237418764e-14 
974 0.0155087324851 0.000356346395462 0.0023902443008 0.00239024430075 4.92895654847e-14 
976 0.0155372300275 0.000356413847019 0.00235917999742 0.00235917999736 5.5386251141e-14 
978 0.0155657605121 0.000356480496546 0.00232840165019 0.00232840165014 5.02813936321e-14 
980 0.0155943240546 0.000356546349458 0.00229787755036 0.00229787755038 1.97181680706e-14 
982 0.0156229206746 0.000356611411489 0.0022676179032 0.00226761790316 4.73275932333e-14 
984 0.0156515503791 0.000356675690785 0.00223781466271 0.00223781466277 6.1162880316e-14 
986 0.0156802131631 0.000356739192752 0.00220806788007 0.00220806788009 1.33521665946e-14 
988 0.0157089090153 0.000356801920263 0.00217859258471 0.00217859258478 6.95702176423e-14 
990 0.0157376379206 0.000356863879284 0.00214940351011 0.0021494035101 1.13958321946e-14 
992 0.0157663998607 0.00035692507594 0.00212048608985 0.0021204860898 4.31920124666e-14 
994 0.0157951948186 0.000356985515775 0.00209182095878 0.00209182095871 6.71819370968e-14 
996 0.015824022777 0.000357045204042 0.00206341522973 0.00206341522967 5.41489596217e-14 
998 0.0158528837203 0.000357104146556 0.00203527855115 0.00203527855116 4.13644812847e-15 
1000 0.0158817776374 0.000357162349234 0.0020074069784 0.00200740697845 5.16635345615e-14 
