0 0 0.000592788584164 101325 0 0 
2 6.17153512159e-08 0.000108111682056 101325 0 0 
4 1.36390926187e-07 0.000107912715038 101325 0 0 
6 2.26748371902e-07 0.000107883304323 101325 0 0 
8 3.36080881218e-07 0.000108024135002 101325 0 0 
10 4.68373217489e-07 0.000108324368802 101325 0 0 
12 6.28446944378e-07 0.000108762270793 101325 0 0 
14 8.22136153913e-07 0.000109308386021 101325 0 0 
16 1.05650009745e-06 0.000109934127726 101325 0 0 
18 1.34008046913e-06 0.000110626769421 101325 0 0 
20 1.68321271887e-06 0.000111409754089 101325 0 0 
22 2.09840274104e-06 0.00011236672444 101325 0 0 
24 2.60078266788e-06 0.000113674271107 101325 0 0 
26 3.20866237935e-06 0.000115669891716 101325 0 0 
28 3.94419683023e-06 0.000119030970251 101325 0 0 
30 4.83419351579e-06 0.000125280115161 101325 0 0 
32 5.91108950532e-06 0.000138331484946 101325 0 0 
34 7.21413365266e-06 0.000169874999518 101325 0 0 
36 8.79081707093e-06 0.000261406331651 101325 0 0 
38 1.0698604007e-05 0.000591652221681 101325 0 0 
40 1.30070261997e-05 0.00208976192841 101325 0 0 
42 1.57987095219e-05 0.0101662428614 101325 0 0 
44 1.80672935241e-05 0.0326069810352 101325 0 0 
46 1.98639245671e-05 0.051334900872 101325 0 0 
48 2.14426942186e-05 0.0171922551022 101325 0 0 
50 2.27454811597e-05 0.00470608099028 101325 0 0 
52 2.43218533584e-05 0.00275509509297 101325 0 0 
54 2.62292637188e-05 0.00223487371325 101325 0 0 
56 2.8537230255e-05 0.00138389332444 101325 0 0 
58 3.13298697637e-05 0.00118057283445 101325 0 0 
60 3.47089635693e-05 0.00125257050425 101325 0 0 
62 3.87976670741e-05 0.000969979141094 101325 0 0 
64 4.37449983148e-05 0.000940892203907 101325 0 0 
66 4.97312691162e-05 0.00084759349617 101325 0 0 
68 5.69746567857e-05 0.000609199731153 101325 0 0 
70 6.57391558659e-05 0.000575916742525 101325 0 0 
72 7.6344199753e-05 0.000493382195433 101325 0 0 
74 8.91763028563e-05 0.0004851150392 101325 0 0 
76 0.000104703147611 0.000428164821399 101325 0 0 
78 0.000123490629765 0.000372026090196 101325 0 0 
80 0.000146223483171 0.000365849457473 101325 0 0 
82 0.000173730235792 0.000327038617062 101325 0 0 
84 0.00020400563186 0.000297055388052 101325 0 0 
86 0.000235431505788 0.000273814719878 101325 0 0 
88 0.00026793151387 0.000254836024043 101325 0 0 
90 0.000300920738026 0.000241751668946 101325 0 0 
92 0.000334187769496 0.000234869211887 101325 0 0 
94 0.000367691714295 0.000227269023122 101325 0 0 
96 0.000401418312477 0.000221271470314 101325 0 0 
98 0.000435352677056 0.000213281213087 101325 0 0 
100 0.000469670222618 0.000206374999145 101325 0 0 
102 0.000504498190423 0.000201101147772 101325 0 0 
104 0.000539917096149 0.000196882320712 101325 0 0 
106 0.000575552212142 0.000193324832823 101325 0 0 
108 0.000611323117009 0.000190159557002 101325 0 0 
110 0.000647223995217 0.000186434270837 101325 0 0 
112 0.000683268504147 0.000183559831557 101325 0 0 
114 0.0007194856562 0.000180963691684 101325 0 0 
116 0.000755943806218 0.000178679288249 101325 0 0 
118 0.000792788075747 0.000176203693925 101325 0 0 
120 0.000830011292505 0.000173923606012 101325 0 0 
122 0.000867493452507 0.000172110431462 101325 0 0 
124 0.000905286402016 0.000170427105845 101325 0 0 
126 0.000943233809871 0.000168628882283 101325 0 0 
128 0.000981350311545 0.000166751776752 101325 0 0 
130 0.00101965520157 0.000165102856486 101325 0 0 
132 0.00105808364759 0.000163622100854 101325 0 0 
134 0.001096619058 0.00016232921291 101325 0 0 
136 0.00113527992317 0.00016116825858 101325 0 0 
138 0.00117411354209 0.00016012818954 101325 0 0 
140 0.00121324728452 0.000159165823688 101325 0 0 
142 0.00125275558004 0.000158224946821 101325 0 0 
144 0.00129239840395 0.000157282328291 101325 0 0 
146 0.0013321701539 0.00015631516797 101325 0 0 
148 0.00137206684681 0.000155435117885 101325 0 0 
150 0.00141208194522 0.000154674968326 101325 0 0 
152 0.00145224820221 0.000153997468126 101325 0 0 
154 0.00149264635558 0.00015333470739 101325 0 0 
156 0.0015332178913 0.00015265202829 101325 0 0 
158 0.00157394194112 0.000151997588779 101325 0 0 
160 0.00161484891502 0.000151379093866 101325 0 0 
162 0.00165590389346 0.000150745109392 101325 0 0 
164 0.00169695801223 0.00015007114622 101325 0 0 
166 0.00173801120342 0.000149395800434 101325 0 0 
168 0.00177906356684 0.000148767409635 101325 0 0 
170 0.00182011533846 0.000148224386794 101325 0 0 
172 0.0018611667527 0.000147755573047 101325 0 0 
174 0.00190221792277 0.000147335853636 101325 0 0 
176 0.00194326888466 0.000146950564012 101325 0 0 
178 0.00198431961885 0.000146590212051 101325 0 0 
180 0.00202537007801 0.000146235140642 101325 0 0 
182 0.00206642016619 0.000145875751796 101325 0 0 
184 0.00210746983065 0.000145527232521 101325 0 0 
186 0.00214851906473 0.000145197146006 101325 0 0 
188 0.00218956785701 0.000144865581915 101325 0 0 
190 0.00223061615534 0.000144526182248 101325 0 0 
192 0.00227166390931 0.000144168191241 101325 0 0 
194 0.00231271106294 0.000143791996289 101325 0 0 
196 0.00235375759142 0.00014340367526 101325 0 0 
198 0.00239480350984 0.000143016160161 101325 0 0 
200 0.00243584888338 0.000142644220308 101325 0 0 
202 0.00247689382615 0.000142312075209 101325 0 0 
204 0.00251793849486 0.000142032326752 101325 0 0 
206 0.00255898301366 0.0001417953375 101325 0 0 
208 0.00260002743698 0.000141588454666 101325 0 0 
210 0.00264107177366 0.000141398704278 101325 0 0 
212 0.00268211598372 0.000141213073341 101325 0 0 
214 0.00272315998712 0.000141024818289 101325 0 0 
216 0.00276420372875 0.000140828009832 101325 0 0 
218 0.00280524714476 0.000140607497897 101325 0 0 
220 0.0028462901533 0.000140367663988 101325 0 0 
222 0.00288733270534 0.000140113092554 101325 0 0 
224 0.00292837476615 0.000139843294694 101325 0 0 
226 0.00296941632174 0.000139561095367 101325 0 0 
228 0.00301045738577 0.000139275550583 101325 0 0 
230 0.00305149801635 0.000139006747527 101325 0 0 
232 0.0030925383249 0.00013876589991 101325 0 0 
234 0.00313357841825 0.000138550037513 101325 0 0 
236 0.00317461836261 0.000138356187275 101325 0 0 
238 0.00321565819472 0.000138181636663 101325 0 0 
240 0.00325669793429 0.000138022530924 101325 0 0 
242 0.00329773757564 0.000137872616569 101325 0 0 
244 0.00333877708223 0.000137727401061 101325 0 0 
246 0.00337981642841 0.00013758075277 101325 0 0 
248 0.00342085556053 0.000137411961189 101325 0 0 
250 0.00346189438416 0.000137215368414 101325 0 0 
252 0.00350293282237 0.000136990751878 101325 0 0 
254 0.00354397082241 0.000136743521273 101325 0 0 
256 0.00358500836095 0.000136485861356 101325 0 0 
258 0.00362604546814 0.000136231736936 101325 0 0 
260 0.00366708222017 0.000135997529284 101325 0 0 
262 0.00370811873459 0.000135794037918 101325 0 0 
264 0.00374915512819 0.000135625222644 101325 0 0 
266 0.00379019148504 0.000135482713519 101325 0 0 
268 0.00383122782945 0.000135357221265 101325 0 0 
270 0.00387226415253 0.000135243502841 101325 0 0 
272 0.00391330042972 0.000135136750144 101325 0 0 
274 0.00395433663349 0.000135036368681 101325 0 0 
276 0.00399537274371 0.000134928045632 101325 0 0 
278 0.00403640868615 0.000134796148548 101325 0 0 
280 0.00407744437112 0.0001346341877 101325 0 0 
282 0.00411847972141 0.000134441910986 101325 0 0 
284 0.00415951468559 0.000134224453622 101325 0 0 
286 0.0042005492363 0.000133992725425 101325 0 0 
288 0.00424158339299 0.00013376165805 101325 0 0 
290 0.00428261722625 0.000133546880065 101325 0 0 
292 0.00432365084348 0.000133354316247 101325 0 0 
294 0.00436468434553 0.000133184614565 101325 0 0 
296 0.00440571780708 0.00013303383479 101325 0 0 
298 0.00444675126259 0.000132894497797 101325 0 0 
300 0.00448778470324 0.000132762972858 101325 0 0 
302 0.00452881810746 0.0001326337422 101325 0 0 
304 0.0045698514448 0.000132503880594 101325 0 0 
306 0.00461088468947 0.000132363619661 101325 0 0 
308 0.0046519177764 0.000132197344433 101325 0 0 
310 0.00469295062152 0.000132001331211 101325 0 0 
312 0.00473398315795 0.000131776358269 101325 0 0 
314 0.00477501534263 0.000131526413222 101325 0 0 
316 0.00481604715306 0.000131259421404 101325 0 0 
318 0.00485707859249 0.000130987226696 101325 0 0 
320 0.00489810970209 0.000130721329574 101325 0 0 
322 0.00493914054997 0.000130471516811 101325 0 0 
324 0.00498017122322 0.000130244074151 101325 0 0 
326 0.00502120180332 0.000130040663421 101325 0 0 
328 0.00506223235007 0.000129859597722 101325 0 0 
330 0.00510326289598 0.000129696008152 101325 0 0 
332 0.0051442934455 0.000129543587673 101325 0 0 
334 0.00518532397142 0.000129395508831 101325 0 0 
336 0.00522635442983 0.000129244754538 101325 0 0 
338 0.00526738476774 0.000129087089979 101325 0 0 
340 0.00530841493617 0.00012892135852 101325 0 0 
342 0.00534944490903 0.000128745797415 101325 0 0 
344 0.00539047468827 0.000128564260984 101325 0 0 
346 0.00543150424136 0.000128382141858 101325 0 0 
348 0.00547253349463 0.000128204920467 101325 0 0 
350 0.00551356252303 0.000128037546732 101325 0 0 
352 0.00555459142441 0.000127883869379 101325 0 0 
354 0.00559562026709 0.000127745298683 101325 0 0 
356 0.00563664907104 0.000127622375932 101325 0 0 
358 0.00567767779811 0.000127514764794 101325 0 0 
360 0.0057187064452 0.000127419210381 101325 0 0 
362 0.00575973503639 0.000127329656876 101325 0 0 
364 0.00580076356462 0.000127240436943 101325 0 0 
366 0.00584179200047 0.000127146141933 101325 0 0 
368 0.00588282030293 0.000127041864989 101325 0 0 
370 0.00592384842528 0.000126923264808 101325 0 0 
372 0.0059648763556 0.00012679082025 101325 0 0 
374 0.00600590399942 0.000126650282336 101325 0 0 
376 0.00604693126719 0.000126511697371 101325 0 0 
378 0.00608795823399 0.000126381806019 101325 0 0 
380 0.00612898501815 0.000126266079817 101325 0 0 
382 0.00617001172038 0.000126167358381 101325 0 0 
384 0.00621103840418 0.000126084983855 101325 0 0 
386 0.00625206509167 0.000126017174881 101325 0 0 
388 0.00629309171892 0.000125962662003 101325 0 0 
390 0.00633411829496 0.000125925876396 101325 0 0 
392 0.00637514485061 0.000125902162522 101325 0 0 
394 0.00641617136374 0.000125885217146 101325 0 0 
396 0.00645719780275 0.000125869546194 101325 0 0 
398 0.00649822413562 0.000125850387933 101325 0 0 
400 0.00653925033229 0.000125823293532 101325 0 0 
402 0.00658027635637 0.000125785533147 101325 0 0 
404 0.0066213021746 0.000125738675316 101325 0 0 
406 0.00666232776986 0.000125689073749 101325 0 0 
408 0.00670331783222 0.000125644050874 101325 0 0 
410 0.00674417975274 0.000125609444647 101325 0 0 
412 0.00678491087636 0.000125589198066 101325 0 0 
414 0.00682550545645 0.000125584752016 101325 0 0 
416 0.00686595637342 0.000125595039827 101325 0 0 
418 0.00690625716831 0.000125618283063 101325 0 0 
420 0.00694640295216 0.000125654026916 101325 0 0 
422 0.00698638793397 0.000125703798857 101325 0 0 
424 0.00702620710856 0.000125762756943 101325 0 0 
426 0.00706585907541 0.000125826126906 101325 0 0 
428 0.00710534619819 0.000125889682746 101325 0 0 
430 0.00714467372557 0.000125949277882 101325 0 0 
432 0.00718384973081 0.000126001217813 101325 0 0 
434 0.00722288434133 0.000126043033684 101325 0 0 
436 0.00726178892738 0.000126074845962 101325 0 0 
438 0.00730057419765 0.000126099509165 101325 0 0 
440 0.00733924822285 0.000126121813575 101325 0 0 
442 0.00737781585406 0.00012614551601 101325 0 0 
444 0.00741627936817 0.000126173369772 101325 0 0 
446 0.00745463916054 0.000126207631115 101325 0 0 
448 0.00749289414803 0.000126249257924 101325 0 0 
450 0.00753104285991 0.000126298319483 101325 0 0 
452 0.00756908374517 0.000126354811966 101325 0 0 
454 0.00760701474269 0.000126421074225 101325 0 0 
456 0.00764483261738 0.000126495552716 101325 0 0 
458 0.00768253548972 0.000126575386763 101325 0 0 
460 0.00772012042157 0.000126658819045 101325 0 0 
462 0.0077575806493 0.000126743954879 101325 0 0 
464 0.00779491859702 0.000126828913818 101325 0 0 
466 0.00783213776251 0.000126911752123 101325 0 0 
468 0.00786924291042 0.000126991102902 101325 0 0 
470 0.0079062393121 0.000127066439236 101325 0 0 
472 0.00794313245384 0.000127138362219 101325 0 0 
474 0.00797992716232 0.000127208553975 101325 0 0 
476 0.00801662671658 0.000127280130387 101325 0 0 
478 0.00805323269206 0.000127354834132 101325 0 0 
480 0.00808974551509 0.000127433743617 101325 0 0 
482 0.00812616488239 0.000127517723099 101325 0 0 
484 0.00816249002035 0.000127606821061 101325 0 0 
486 0.00819872011652 0.000127701237353 101325 0 0 
488 0.00823485384078 0.00012780200059 101325 0 0 
490 0.0082708895258 0.000127908500331 101325 0 0 
492 0.00830682603665 0.000128018746126 101325 0 0 
494 0.0083426634361 0.00012813124149 101325 0 0 
496 0.00837840260539 0.000128244792522 101325 0 0 
498 0.00841404515521 0.000128358285341 101325 0 0 
500 0.00844959314908 0.000128470739283 101325 0 0 
502 0.00848504930875 0.000128581091107 101325 0 0 
504 0.00852041700356 0.000128688751663 101325 0 0 
506 0.00855569961647 0.000128793237969 101325 0 0 
508 0.00859090094046 0.000128894423662 101325 0 0 
510 0.0086260246817 0.000128992671827 101325 0 0 
512 0.008661074174 0.000129088823176 101325 0 0 
514 0.00869605221979 0.000129184187775 101325 0 0 
516 0.00873096078623 0.000129280166666 101325 0 0 
518 0.00876580108585 0.000129377855984 101325 0 0 
520 0.00880057363885 0.000129478279577 101325 0 0 
522 0.00883527836489 0.000129582358326 101325 0 0 
524 0.00886991443006 0.000129691289163 101325 0 0 
526 0.00890448062633 0.000129805115333 101325 0 0 
528 0.00893897571124 0.000129923692324 101325 0 0 
530 0.00897339554392 0.000130046574494 101325 0 0 
532 0.00900773292664 0.000130173205235 101325 0 0 
534 0.00904198715593 0.000130302969357 101325 0 0 
536 0.00907615775543 0.000130435445006 101325 0 0 
538 0.009110244523 0.00013057014497 101325 0 0 
540 0.00914424760062 0.000130706522992 101325 0 0 
542 0.00917816738909 0.00013084418303 101325 0 0 
544 0.00921200442887 0.000130982731903 101325 0 0 
546 0.00924575943807 0.000131122088371 101325 0 0 
548 0.00927943308514 0.000131262298139 101325 0 0 
550 0.00931302598997 0.000131403395034 101325 0 0 
552 0.00934653892466 0.000131545681394 101325 0 0 
554 0.00937997242894 0.000131689536354 101325 0 0 
556 0.00941332666492 0.000131835161452 101325 0 0 
558 0.00944660165952 0.000131982805175 101325 0 0 
560 0.00947979732198 0.000132132659106 101325 0 0 
562 0.00951291347676 0.000132284462359 101325 0 0 
564 0.00954594995665 0.000132437803898 101325 0 0 
566 0.00957890679014 0.000132592214899 101325 0 0 
568 0.0096117843046 0.000132747089828 101325 0 0 
570 0.00964458327421 0.000132901761882 101325 0 0 
572 0.00967730473346 0.000133055571184 101325 0 0 
574 0.00970994999906 0.000133207865709 101325 0 0 
576 0.00974252078839 0.000133358080639 101325 0 0 
578 0.00977501904853 0.000133505861193 101325 0 0 
580 0.00980744683758 0.000133651060556 101325 0 0 
582 0.00983980626273 0.000133793887861 101325 0 0 
584 0.0098720992683 0.000133934782798 101325 0 0 
586 0.00990432758545 0.000134074358347 101325 0 0 
588 0.00993649255514 0.000134213203604 101325 0 0 
590 0.00996859523489 0.000134351747297 101325 0 0 
592 0.0100006365368 0.000134490130447 101325 0 0 
594 0.0100326172829 0.000134628107154 101325 0 0 
596 0.0100645384624 0.000134765208597 101325 0 0 
598 0.0100964013995 0.000134900388851 101325 0 0 
600 0.0101282079921 0.000135032136981 101325 0 0 
602 0.0101599609379 0.000135158594994 101325 0 0 
604 0.0101916639868 0.00013527775563 101325 0 0 
606 0.0102233219246 0.000135387707126 101325 0 0 
608 0.0102549404966 0.000135487075487 101325 0 0 
610 0.0102865261034 0.000135575480927 101325 0 0 
612 0.0103180852864 0.000135653909989 101325 0 0 
614 0.0103496240389 0.000135724772847 101325 0 0 
616 0.0103811471364 0.00013579147549 101325 0 0 
618 0.0104126576931 0.000135857691917 101325 0 0 
620 0.0104441570526 0.000135926603339 101325 0 0 
622 0.0104756451301 0.000136000439969 101325 0 0 
624 0.0105071165807 0.000136080458422 101325 0 0 
626 0.0105385657487 0.000136167100574 101325 0 0 
628 0.0105699904931 0.000136260339389 101325 0 0 
630 0.010601388723 0.000136359897105 101325 0 0 
632 0.0106327584491 0.000136465401135 101325 0 0 
634 0.0106640978213 0.00013657645753 101325 0 0 
636 0.0106954052114 0.000136692696091 101325 0 0 
638 0.0107266791121 0.000136813776572 101325 0 0 
640 0.0107579182072 0.000136939387364 101325 0 0 
642 0.010789121333 0.000137069284885 101325 0 0 
644 0.0108202873984 0.000137203247955 101325 0 0 
646 0.0108514154678 0.000137341063464 101325 0 0 
648 0.0108825047368 0.000137482531283 101325 0 0 
650 0.0109135544723 0.000137627465033 101325 0 0 
652 0.01094456401 0.000137775696121 101325 0 0 
654 0.010975532812 0.000137927048291 101325 0 0 
656 0.0110064603917 0.00013808133147 101325 0 0 
658 0.0110373462814 0.000138238385597 101325 0 0 
660 0.0110681901281 0.000138398064735 101325 0 0 
662 0.0110989916335 0.000138560227466 101325 0 0 
664 0.0111297505442 0.000138724751401 101325 0 0 
666 0.0111604667328 0.000138891490045 101325 0 0 
668 0.0111911401061 0.000139060330829 101325 0 0 
670 0.0112217706427 0.000139231155667 101325 0 0 
672 0.0112523584449 0.000139403846267 101325 0 0 
674 0.0112829036487 0.000139578301765 101325 0 0 
676 0.0113134064917 0.000139754425486 101325 0 0 
678 0.0113438673386 0.000139932133778 101325 0 0 
680 0.0113742866401 0.000140111354418 101325 0 0 
682 0.0114046649554 0.000140292003163 101325 0 0 
684 0.0114350029758 0.000140473999015 101325 0 0 
686 0.0114653014894 0.000140657272759 101325 0 0 
688 0.0114955613432 0.000140841749467 101325 0 0 
690 0.0115257834829 0.000141027354687 101325 0 0 
692 0.0115559688888 0.00014121399753 101325 0 0 
694 0.0115861185111 0.000141401606293 101325 0 0 
696 0.0116162332178 0.000141590101086 101325 0 0 
698 0.0116463137303 0.000141779406377 101325 0 0 
700 0.0116763606581 0.000141969444858 101325 0 0 
702 0.0117063743656 0.000142160125449 101325 0 0 
704 0.0117363551145 0.000142351354401 101325 0 0 
706 0.011766303189 0.000142543037614 101325 0 0 
708 0.0117962187653 0.000142735073998 101325 0 0 
710 0.0118261017307 0.000142927360922 101325 0 0 
712 0.0118559514855 0.000143119743664 101325 0 0 
714 0.011885766722 0.000143312093392 101325 0 0 
716 0.0119155452363 0.000143504266524 101325 0 0 
718 0.0119452840958 0.000143696098948 101325 0 0 
720 0.0119749796459 0.00014388741392 101325 0 0 
722 0.0120046277749 0.000144078040363 101325 0 0 
724 0.0120342241363 0.000144267818443 101325 0 0 
726 0.0120637643191 0.000144456587186 101325 0 0 
728 0.0120932447115 0.000144644186507 101325 0 0 
730 0.0121226627631 0.00014483047925 101325 0 0 
732 0.0121520169689 0.000145015356949 101325 0 0 
734 0.0121813065711 0.000145198726088 101325 0 0 
736 0.0122105313909 0.000145380497475 101325 0 0 
738 0.0122396916904 0.000145560609747 101325 0 0 
740 0.0122687880668 0.000145738983594 101325 0 0 
742 0.0122978139049 0.000145915522962 101325 0 0 
744 0.0123267667434 0.000146090153801 101325 0 0 
746 0.0123556474964 0.000146262835851 101325 0 0 
748 0.0123844571404 0.000146433521359 101325 0 0 
750 0.0124131967017 0.000146602173245 101325 0 0 
752 0.0124418673063 0.000146768744041 101325 0 0 
754 0.0124704705821 0.00014693319292 101325 0 0 
756 0.0124990082272 0.000147095494321 101325 0 0 
758 0.0125274818791 0.000147255620227 101325 0 0 
760 0.0125558931497 0.000147413536753 101325 0 0 
762 0.012584243641 0.000147569218642 101325 0 0 
764 0.0126125349538 0.000147722646141 101325 0 0 
766 0.0126407686804 0.000147873797937 101325 0 0 
768 0.0126689464094 0.000148022654941 101325 0 0 
770 0.0126970697366 0.000148169201963 101325 0 0 
772 0.0127251402501 0.000148313428888 101325 0 0 
774 0.0127531595276 0.000148455326674 101325 0 0 
776 0.0127811291412 0.000148594884867 101325 0 0 
778 0.012809050642 0.000148732098324 101325 0 0 
780 0.0128369255583 0.000148866958048 101325 0 0 
782 0.0128647553702 0.000148999455274 101325 0 0 
784 0.0128925415109 0.000149129577987 101325 0 0 
786 0.01292028541 0.000149257322473 101325 0 0 
788 0.0129479884878 0.000149382694305 101325 0 0 
790 0.0129756521633 0.000149505682075 101325 0 0 
792 0.013003277849 0.000149626279857 101325 0 0 
794 0.0130308669449 0.000149744482099 101325 0 0 
796 0.0130584208381 0.000149860285265 101325 0 0 
798 0.0130859409105 0.000149973687294 101325 0 0 
800 0.0131134285496 0.000150084685998 101325 0 0 
802 0.013140885159 0.000150193280821 101325 0 0 
804 0.0131683121187 0.000150299470328 101325 0 0 
806 0.0131957107873 0.000150403248892 101325 0 0 
808 0.0132230825147 0.000150504612227 101325 0 0 
810 0.0132504286348 0.000150603569814 101325 0 0 
812 0.0132777504766 0.000150700113045 101325 0 0 
814 0.0133050493778 0.000150794242634 101325 0 0 
816 0.0133323266787 0.000150885956178 101325 0 0 
818 0.0133595837203 0.000150975256021 101325 0 0 
820 0.0133868218068 0.000151062146845 101325 0 0 
822 0.0134140422144 0.000151146635323 101325 0 0 
824 0.0134412462163 0.000151228727936 101325 0 0 
826 0.0134684350972 0.000151308429794 101325 0 0 
828 0.0134956101455 0.000151385745545 101325 0 0 
830 0.0135227726664 0.000151460680144 101325 0 0 
832 0.013549924003 0.00015153323911 101325 0 0 
834 0.0135770655223 0.000151603430057 101325 0 0 
836 0.0136041985857 0.000151671261151 101325 0 0 
838 0.0136313245051 0.000151736742802 101325 0 0 
840 0.0136584445456 0.000151799879131 101325 0 0 
842 0.0136855599829 0.000151860678314 101325 0 0 
844 0.0137126721001 0.000151919154581 101325 0 0 
846 0.0137397821434 0.000151975319424 101325 0 0 
848 0.0137668913688 0.000152029178704 101325 0 0 
850 0.0137940010013 0.000152080742909 101325 0 0 
852 0.0138211121937 0.000152130024768 101325 0 0 
854 0.0138482260293 0.000152177034539 101325 0 0 
856 0.0138753435756 0.000152221783419 101325 0 0 
858 0.0139024659394 0.000152264280139 101325 0 0 
860 0.0139295942498 0.000152304540653 101325 0 0 
862 0.0139567296847 0.000152342578698 101325 0 0 
864 0.0139838734427 0.000152378410574 101325 0 0 
866 0.0140110267083 0.000152412045355 101325 0 0 
868 0.0140381906776 0.000152443494746 101325 0 0 
870 0.0140653665604 0.000152472777494 101325 0 0 
872 0.0140925555326 0.000152499906868 101325 0 0 
874 0.0141197586934 0.000152524892518 101325 0 0 
876 0.0141469770548 0.000152547749053 101325 0 0 
878 0.0141742115469 0.000152568490463 101325 0 0 
880 0.0142014629838 0.00015258713401 101325 0 0 
882 0.0142287320664 0.000152603695745 101325 0 0 
884 0.0142560194711 0.000152618189875 101325 0 0 
886 0.0142833258106 0.000152630631787 101325 0 0 
888 0.014310651914 0.000152641040044 101325 0 0 
890 0.014337998621 0.000152649427658 101325 0 0 
892 0.0143653666108 0.00015265581226 101325 0 0 
894 0.0143927564528 0.000152660211093 101325 0 0 
896 0.0144201686454 0.000152662640915 101325 0 0 
898 0.0144476036191 0.00015266311997 101325 0 0 
900 0.0144750617562 0.000152661663746 101325 0 0 
902 0.0145025434254 0.000152658290276 101325 0 0 
904 0.0145300489783 0.000152653016205 101325 0 0 
906 0.0145575786576 0.000152645855828 101325 0 0 
908 0.0145851325526 0.00015263683256 101325 0 0 
910 0.0146127107112 0.000152625963712 101325 0 0 
912 0.0146403131124 0.000152613266398 101325 0 0 
914 0.0146679392088 0.000152598762879 101325 0 0 
916 0.0146955886533 0.000152582470229 101325 0 0 
918 0.0147232612811 0.000152564408027 101325 0 0 
920 0.0147509569383 0.000152544596141 101325 0 0 
922 0.0147786754646 0.000152523058287 101325 0 0 
924 0.0148064167206 0.000152499813928 101325 0 0 
926 0.0148341807257 0.000152474884514 101325 0 0 
928 0.0148619676332 0.000152448290562 101325 0 0 
930 0.0148897777031 0.000152420054202 101325 0 0 
932 0.0149176113106 0.000152390194662 101325 0 0 
934 0.0149454690811 0.000152358732329 101325 0 0 
936 0.0149733518437 0.00015232568593 101325 0 0 
938 0.0150012604821 0.00015229107633 101325 0 0 
940 0.0150291958636 0.000152254922719 101325 0 0 
942 0.0150571588144 0.000152217245614 101325 0 0 
944 0.0150851500804 0.000152178065597 101325 0 0 
946 0.0151131703395 0.000152137401943 101325 0 0 
948 0.0151412201577 0.000152095274172 101325 0 0 
950 0.0151693000374 0.000152051704394 101325 0 0 
952 0.0151974104547 0.0001520067101 101325 0 0 
954 0.0152255518493 0.000151960311818 101325 0 0 
956 0.0152537246277 0.000151912530309 101325 0 0 
958 0.0152819291511 0.00015186338888 101325 0 0 
960 0.0153101657224 0.000151812909621 101325 0 0 
962 0.0153384345819 0.000151761114443 101325 0 0 
964 0.0153667359189 0.000151708023736 101325 0 0 
966 0.0153950698583 0.000151653657906 101325 0 0 
968 0.0154234364624 0.000151598038877 101325 0 0 
970 0.0154518357453 0.000151541190201 101325 0 0 
972 0.0154802677395 0.000151483134457 101325 0 0 
974 0.0155087324851 0.000151423893621 101325 0 0 
976 0.0155372300275 0.000151363489955 101325 0 0 
978 0.0155657605121 0.000151301941999 101325 0 0 
980 0.0155943240546 0.00015123927169 101325 0 0 
982 0.0156229206746 0.000151175500466 101325 0 0 
984 0.0156515503791 0.000151110653803 101325 0 0 
986 0.0156802131631 0.000151044754499 101325 0 0 
988 0.0157089090153 0.000150977824866 101325 0 0 
990 0.0157376379206 0.000150909888556 101325 0 0 
992 0.0157663998607 0.000150840969034 101325 0 0 
994 0.0157951948186 0.000150771090385 101325 0 0 
996 0.015824022777 0.000150700276884 101325 0 0 
998 0.0158528837203 0.000150628552596 101325 0 0 
1000 0.0158817776374 0.000150555939417 101325 0 0 
